[[603.03, -858.81, 280.29], [0.092, 0.701, 0.701, -0.092]]
[[603.02, -413.53, 743.32], [0.327, 0.627, 0.627, -0.326]]
[[1209.44, -605.17, 280.29], [0.121, 0.379, 0.916, -0.05]]
[[894.57, -290.29, 743.32], [0.427, 0.339, 0.819, -0.177]]
[[1358.84, 3.01, 280.29], [0.131, 0.0, 0.991, 0.0]]
[[1358.84, 3.01, 173.19], [0.131, 0.0, 0.991, 0.0]]
[[1013.56, 3.02, 743.32], [0.462, 0.0, 0.887, 0.0]]
[[1205.19, 609.44, 280.29], [0.121, -0.379, 0.916, 0.05]]
[[890.32, 294.58, 743.33], [0.427, -0.339, 0.819, 0.177]]
[[596.99, 858.84, 280.28], [0.092, -0.701, 0.701, 0.092]]
[[597.0, 413.57, 743.33], [0.327, -0.627, 0.627, 0.327]]
